0 37 22 
1 51 21 
2 71 18 
3 95 18 
4 126 20 
5 174 12 
6 211 10 
7 268 4 
8 345 6 
9 414 6 
10 452 8 
11 523 8 
12 636 8 
13 610 7 
14 619 8 
15 699 9 
16 466 10 
17 318 11 
18 326 14 
19 194 16 
20 91 21 
21 132 25 
22 87 30 
23 72 31 
24 100 37 
25 77 38 
26 65 45 
27 96 54 
28 81 73 
29 65 86 
30 91 98 
31 75 117 
32 52 144 
33 68 176 
34 32 203 
35 21 131 
36 28 157 
37 24 189 
38 12 226 
39 14 271 
40 12 326 
41 7 255 
42 9 289 
43 9 348 
44 6 432 
45 8 513 
46 9 619 
47 11 235 
48 9 248 
49 9 301 
50 9 356 
51 13 432 
52 17 522 
53 17 95 
54 22 109 
55 23 126 
56 27 152 
57 42 185 
58 55 222 
59 62 130 
60 84 153 
61 109 187 
62 145 224 
63 203 277 
64 190 324 
65 183 112 
66 239 131 
67 235 168 
68 251 212 
69 332 248 
70 256 301 
71 204 210 
72 260 251 
73 202 297 
74 121 353 
75 136 442 
76 80 525 
77 35 371 
78 35 451 
79 14 539 
80 17 653 
81 19 790 
82 14 929 
83 10 479 
84 10 587 
85 8 705 
86 6 851 
87 8 994 
88 2 1196 
89 2 300 
90 3 372 
91 3 451 
92 5 546 
93 7 673 
94 7 815 
95 5 116 
96 7 137 
97 4 159 
98 6 189 
99 7 225 
100 6 262 
101 8 10 
102 12 12 
103 8 13 
104 9 14 
105 14 18 
106 19 23 
107 25 3 
108 33 3 
109 46 3 
110 65 3 
111 92 4 
112 126 4 
113 163 0 
114 228 0 
115 291 0 
116 308 0 
117 417 0 
118 337 0 
119 300 0 
120 417 0 
121 330 0 
122 192 0 
123 272 0 
124 177 0 
125 83 0 
126 115 0 
127 90 0 
128 71 0 
129 99 0 
130 93 0 
131 82 0 
132 115 0 
133 103 0 
134 104 0 
135 148 0 
136 153 0 
137 114 0 
138 163 0 
139 126 0 
140 114 0 
141 155 0 
142 128 0 
143 120 0 
144 160 0 
145 143 0 
146 67 0 
147 89 0 
148 68 0 
149 46 0 
